0 1 0
0.0634239196565645 0.997986676471884 0
0.126592453573749 0.991954812830795 0
0.18925124436041 0.981928697262707 0
0.251147987181079 0.967948701396356 0
0.312033445698487 0.950071117740945 0
0.371662455660328 0.928367933016073 0
0.429794912089172 0.902926538286621 0
0.486196736100469 0.873849377069785 0
0.540640817455598 0.841253532831181 0
0.59290792905464 0.805270257531059 0
0.642787609686539 0.766044443118978 0
0.690079011482112 0.72373403810507 0
0.734591708657533 0.678509411557132 0
0.776146464291757 0.630552667084523 0
0.814575952050336 0.580056909571198 0
0.849725429949514 0.527225467610502 0
0.881453363447582 0.472271074772683 0
0.909631995354518 0.415415013001886 0
0.934147860265107 0.356886221591872 0
0.954902241444074 0.296920375328275 0
0.971811568323542 0.235758935509427 0
0.984807753012208 0.17364817766693 0
0.993838464461254 0.110838199901011 0
0.998867339183008 0.0475819158237422 0
0.999874127673875 -0.015865963834808 0
0.996854775951942 -0.0792499568567885 0
0.989821441880933 -0.142314838273285 0
0.978802446214779 -0.204806668065191 0
0.963842158559942 -0.266473813690035 0
0.945000818714668 -0.327067963317422 0
0.922354294104581 -0.386345125693129 0
0.895993774291336 -0.444066612605774 0
0.866025403784438 -0.5 0
0.832569854634771 -0.55392006386611 0
0.795761840530832 -0.605609687137667 0
0.755749574354258 -0.654860733945285 0
0.712694171378863 -0.701474887706321 0
0.666769000516292 -0.745264449675755 0
0.618158986220605 -0.786053094742788 0
0.567059863862771 -0.823676581429833 0
0.513677391573406 -0.857983413234977 0
0.458226521727411 -0.888835448654923 0
0.400930535406614 -0.91610845743207 0
0.342020143325669 -0.939692620785908 0
0.28173255684143 -0.959492973614497 0
0.220310532786541 -0.975429786885407 0
0.15800139597335 -0.987438888676394 0
0.0950560433041824 -0.995471922573085 0
0.0317279334980677 -0.999496542383185 0
-0.0317279334980679 -0.999496542383185 0
-0.0950560433041826 -0.995471922573085 0
-0.15800139597335 -0.987438888676394 0
-0.220310532786541 -0.975429786885407 0
-0.28173255684143 -0.959492973614497 0
-0.342020143325669 -0.939692620785908 0
-0.400930535406614 -0.91610845743207 0
-0.45822652172741 -0.888835448654923 0
-0.513677391573406 -0.857983413234977 0
-0.567059863862771 -0.823676581429833 0
-0.618158986220605 -0.786053094742787 0
-0.666769000516292 -0.745264449675755 0
-0.712694171378863 -0.701474887706321 0
-0.755749574354258 -0.654860733945285 0
-0.795761840530832 -0.605609687137667 0
-0.832569854634771 -0.55392006386611 0
-0.866025403784439 -0.5 0
-0.895993774291336 -0.444066612605774 0
-0.922354294104581 -0.386345125693129 0
-0.945000818714668 -0.327067963317422 0
-0.963842158559942 -0.266473813690035 0
-0.978802446214779 -0.204806668065191 0
-0.989821441880933 -0.142314838273285 0
-0.996854775951942 -0.0792499568567888 0
-0.999874127673875 -0.0158659638348076 0
-0.998867339183008 0.0475819158237424 0
-0.993838464461254 0.110838199901011 0
-0.984807753012208 0.17364817766693 0
-0.971811568323542 0.235758935509427 0
-0.954902241444074 0.296920375328275 0
-0.934147860265107 0.356886221591872 0
-0.909631995354518 0.415415013001887 0
-0.881453363447582 0.472271074772683 0
-0.849725429949514 0.527225467610502 0
-0.814575952050336 0.580056909571198 0
-0.776146464291757 0.630552667084523 0
-0.734591708657533 0.678509411557132 0
-0.690079011482112 0.72373403810507 0
-0.64278760968654 0.766044443118978 0
-0.59290792905464 0.805270257531059 0
-0.540640817455597 0.841253532831181 0
-0.486196736100469 0.873849377069785 0
-0.429794912089172 0.902926538286621 0
-0.371662455660327 0.928367933016073 0
-0.312033445698487 0.950071117740945 0
-0.251147987181079 0.967948701396356 0
-0.18925124436041 0.981928697262707 0
-0.126592453573749 0.991954812830795 0
-0.0634239196565645 0.997986676471884 0
-2.44921270764475e-16 1 0
0 -1 0
0 -0.936576080343436 -0.00201332352811556
0 -0.873407546426251 -0.00804518716920466
0 -0.81074875563959 -0.0180713027372933
0 -0.748852012818921 -0.0320512986036438
0 -0.687966554301513 -0.0499288822590546
0 -0.628337544339672 -0.0716320669839274
0 -0.570205087910828 -0.0970734617133788
0 -0.513803263899531 -0.126150622930215
0 -0.459359182544402 -0.158746467168819
0 -0.40709207094536 -0.194729742468941
0 -0.357212390313461 -0.233955556881022
0 -0.309920988517888 -0.27626596189493
0 -0.265408291342467 -0.321490588442868
0 -0.223853535708243 -0.369447332915477
0 -0.185424047949664 -0.419943090428802
0 -0.150274570050486 -0.472774532389498
0 -0.118546636552418 -0.527728925227317
0 -0.0903680046454817 -0.584584986998114
0 -0.0658521397348933 -0.643113778408128
0 -0.0450977585559261 -0.703079624671725
0 -0.0281884316764583 -0.764241064490573
0 -0.015192246987792 -0.82635182233307
0 -0.00616153553874588 -0.889161800098989
0 -0.00113266081699204 -0.952418084176258
0 -0.000125872326124932 -1.01586596383481
0 -0.00314522404805762 -1.07924995685679
0 -0.0101785581190673 -1.14231483827329
0 -0.0211975537852213 -1.20480666806519
0 -0.036157841440058 -1.26647381369004
0 -0.0549991812853315 -1.32706796331742
0 -0.0776457058954186 -1.38634512569313
0 -0.104006225708664 -1.44406661260577
0 -0.133974596215562 -1.5
0 -0.167430145365229 -1.55392006386611
0 -0.204238159469168 -1.60560968713767
0 -0.244250425645742 -1.65486073394528
0 -0.287305828621137 -1.70147488770632
0 -0.333230999483708 -1.74526444967575
0 -0.381841013779395 -1.78605309474279
0 -0.432940136137229 -1.82367658142983
0 -0.486322608426594 -1.85798341323498
0 -0.541773478272589 -1.88883544865492
0 -0.599069464593386 -1.91610845743207
0 -0.657979856674331 -1.93969262078591
0 -0.71826744315857 -1.9594929736145
0 -0.779689467213459 -1.97542978688541
0 -0.84199860402665 -1.98743888867639
0 -0.904943956695818 -1.99547192257308
0 -0.968272066501932 -1.99949654238319
0 -1.03172793349807 -1.99949654238319
0 -1.09505604330418 -1.99547192257308
0 -1.15800139597335 -1.98743888867639
0 -1.22031053278654 -1.97542978688541
0 -1.28173255684143 -1.9594929736145
0 -1.34202014332567 -1.93969262078591
0 -1.40093053540661 -1.91610845743207
0 -1.45822652172741 -1.88883544865492
0 -1.51367739157341 -1.85798341323498
0 -1.56705986386277 -1.82367658142983
0 -1.61815898622061 -1.78605309474279
0 -1.66676900051629 -1.74526444967575
0 -1.71269417137886 -1.70147488770632
0 -1.75574957435426 -1.65486073394529
0 -1.79576184053083 -1.60560968713767
0 -1.83256985463477 -1.55392006386611
0 -1.86602540378444 -1.5
0 -1.89599377429134 -1.44406661260577
0 -1.92235429410458 -1.38634512569313
0 -1.94500081871467 -1.32706796331742
0 -1.96384215855994 -1.26647381369003
0 -1.97880244621478 -1.20480666806519
0 -1.98982144188093 -1.14231483827329
0 -1.99685477595194 -1.07924995685679
0 -1.99987412767388 -1.01586596383481
0 -1.99886733918301 -0.952418084176258
0 -1.99383846446125 -0.889161800098989
0 -1.98480775301221 -0.82635182233307
0 -1.97181156832354 -0.764241064490572
0 -1.95490224144407 -0.703079624671725
0 -1.93414786026511 -0.643113778408128
0 -1.90963199535452 -0.584584986998113
0 -1.88145336344758 -0.527728925227317
0 -1.84972542994951 -0.472774532389498
0 -1.81457595205034 -0.419943090428802
0 -1.77614646429176 -0.369447332915477
0 -1.73459170865753 -0.321490588442868
0 -1.69007901148211 -0.27626596189493
0 -1.64278760968654 -0.233955556881022
0 -1.59290792905464 -0.194729742468941
0 -1.5406408174556 -0.158746467168819
0 -1.48619673610047 -0.126150622930215
0 -1.42979491208917 -0.0970734617133789
0 -1.37166245566033 -0.0716320669839273
0 -1.31203344569849 -0.0499288822590546
0 -1.25114798718108 -0.0320512986036438
0 -1.18925124436041 -0.0180713027372932
0 -1.12659245357375 -0.00804518716920466
0 -1.06342391965656 -0.00201332352811556
0 -1 0
